xof 0303txt 0032

// DirectX 9.0 file
// Creator: Ultimate Unwrap3D Pro (x64) v3.50.36
// Website: http://www.unwrap3d.com
// Time: Tue Jul 31 17:47:04 2018

// Start of Templates

template VertexDuplicationIndices {
 <b8d65549-d7c9-4995-89cf-53a9a8b031e3>
 DWORD nIndices;
 DWORD nOriginalVertices;
 array DWORD indices[nIndices];
}

template FVFData {
 <b6e70a0e-8ef9-4e83-94ad-ecc8b0c04897>
 DWORD dwFVF;
 DWORD nDWords;
 array DWORD data[nDWords];
}

template Header {
 <3D82AB43-62DA-11cf-AB39-0020AF71E433>
 WORD major;
 WORD minor;
 DWORD flags;
}

template Vector {
 <3D82AB5E-62DA-11cf-AB39-0020AF71E433>
 FLOAT x;
 FLOAT y;
 FLOAT z;
}

template Coords2d {
 <F6F23F44-7686-11cf-8F52-0040333594A3>
 FLOAT u;
 FLOAT v;
}

template Matrix4x4 {
 <F6F23F45-7686-11cf-8F52-0040333594A3>
 array FLOAT matrix[16];
}

template ColorRGBA {
 <35FF44E0-6C7C-11cf-8F52-0040333594A3>
 FLOAT red;
 FLOAT green;
 FLOAT blue;
 FLOAT alpha;
}

template ColorRGB {
 <D3E16E81-7835-11cf-8F52-0040333594A3>
 FLOAT red;
 FLOAT green;
 FLOAT blue;
}

template IndexedColor {
 <1630B820-7842-11cf-8F52-0040333594A3>
 DWORD index;
 ColorRGBA indexColor;
}

template Material {
 <3D82AB4D-62DA-11cf-AB39-0020AF71E433>
 ColorRGBA faceColor;
 FLOAT power;
 ColorRGB specularColor;
 ColorRGB emissiveColor;
 [...]
}

template TextureFilename {
 <A42790E1-7810-11cf-8F52-0040333594A3>
 STRING filename;
}

template MeshFace {
 <3D82AB5F-62DA-11cf-AB39-0020AF71E433>
 DWORD nFaceVertexIndices;
 array DWORD faceVertexIndices[nFaceVertexIndices];
}

template MeshTextureCoords {
 <F6F23F40-7686-11cf-8F52-0040333594A3>
 DWORD nTextureCoords;
 array Coords2d textureCoords[nTextureCoords];
}

template MeshMaterialList {
 <F6F23F42-7686-11cf-8F52-0040333594A3>
 DWORD nMaterials;
 DWORD nFaceIndexes;
 array DWORD faceIndexes[nFaceIndexes];
 [Material]
}

template MeshNormals {
 <F6F23F43-7686-11cf-8F52-0040333594A3>
 DWORD nNormals;
 array Vector normals[nNormals];
 DWORD nFaceNormals;
 array MeshFace faceNormals[nFaceNormals];
}

template MeshVertexColors {
 <1630B821-7842-11cf-8F52-0040333594A3>
 DWORD nVertexColors;
 array IndexedColor vertexColors[nVertexColors];
}

template Mesh {
 <3D82AB44-62DA-11cf-AB39-0020AF71E433>
 DWORD nVertices;
 array Vector vertices[nVertices];
 DWORD nFaces;
 array MeshFace faces[nFaces];
 [...]
}

template FrameTransformMatrix {
 <F6F23F41-7686-11cf-8F52-0040333594A3>
 Matrix4x4 frameMatrix;
}

template Frame {
 <3D82AB46-62DA-11cf-AB39-0020AF71E433>
 [...]
}

template FloatKeys {
 <10DD46A9-775B-11cf-8F52-0040333594A3>
 DWORD nValues;
 array FLOAT values[nValues];
}

template TimedFloatKeys {
 <F406B180-7B3B-11cf-8F52-0040333594A3>
 DWORD time;
 FloatKeys tfkeys;
}

template AnimationKey {
 <10DD46A8-775B-11cf-8F52-0040333594A3>
 DWORD keyType;
 DWORD nKeys;
 array TimedFloatKeys keys[nKeys];
}

template AnimationOptions {
 <E2BF56C0-840F-11cf-8F52-0040333594A3>
 DWORD openclosed;
 DWORD positionquality;
}

template Animation {
 <3D82AB4F-62DA-11cf-AB39-0020AF71E433>
 [...]
}

template AnimationSet {
 <3D82AB50-62DA-11cf-AB39-0020AF71E433>
 [Animation]
}

template XSkinMeshHeader {
 <3CF169CE-FF7C-44ab-93C0-F78F62D172E2>
 WORD nMaxSkinWeightsPerVertex;
 WORD nMaxSkinWeightsPerFace;
 WORD nBones;
}

template SkinWeights {
 <6F0D123B-BAD2-4167-A0D0-80224F25FABB>
 STRING transformNodeName;
 DWORD nWeights;
 array DWORD vertexIndices[nWeights];
 array FLOAT weights[nWeights];
 Matrix4x4 matrixOffset;
}

template AnimTicksPerSecond {
 <9E415A43-7BA6-4a73-8743-B73D47E88476>
 DWORD AnimTicksPerSecond;
}

AnimTicksPerSecond {
 30;
}

// Start of Frames

   Frame root {
      FrameTransformMatrix {
       -0.690021, 0.000000, -0.723789, 0.000000,
       0.000000, 1.000000, 0.000000, 0.000000,
       0.723789, 0.000000, -0.690021, 0.000000,
       -5.887034, 114.676880, 7.172895, 1.000000;;
      }

      Frame spine {
         FrameTransformMatrix {
          1.000000, 0.000000, 0.000000, 0.000000,
          0.000000, 1.000000, 0.000000, 0.000000,
          0.000000, 0.000000, 1.000000, 0.000000,
          0.000000, 6.192154, -0.550157, 1.000000;;
         }

         Frame Chest {
            FrameTransformMatrix {
             1.000000, 0.000000, 0.000000, 0.000000,
             0.000000, 1.000000, 0.000000, 0.000000,
             0.000000, 0.000000, 1.000000, 0.000000,
             0.000000, 7.529625, 0.631559, 1.000000;;
            }

            Frame Arrow_1 {
               FrameTransformMatrix {
                0.830873, -0.556461, 0.000000, 0.000000,
                0.547668, 0.817744, -0.177074, 0.000000,
                0.098535, 0.147126, 0.984197, 0.000000,
                -9.595055, -10.170868, 25.155485, 1.000000;;
               }

            }
            Frame Arrow_2 {
               FrameTransformMatrix {
                0.830873, -0.556461, 0.000000, 0.000000,
                0.547668, 0.817744, -0.177074, 0.000000,
                0.098535, 0.147126, 0.984197, 0.000000,
                -3.587432, -8.444283, 25.171032, 1.000000;;
               }

            }
            Frame Arrow_3 {
               FrameTransformMatrix {
                0.830873, -0.556461, 0.000000, 0.000000,
                0.547668, 0.817744, -0.177074, 0.000000,
                0.098535, 0.147126, 0.984197, 0.000000,
                -3.732290, -14.219757, 27.018410, 1.000000;;
               }

            }
            Frame R_Shoulder {
               FrameTransformMatrix {
                1.000000, 0.000000, 0.000000, 0.000000,
                0.000000, -0.998806, 0.048850, 0.000000,
                0.000000, -0.048850, -0.998806, 0.000000,
                2.046940, 14.327972, 2.736417, 1.000000;;
               }

               Frame R_upArm {
                  FrameTransformMatrix {
                   0.291225, -0.690278, -0.662347, 0.000000,
                   0.752410, 0.592863, -0.287039, 0.000000,
                   0.590818, -0.414764, 0.692029, 0.000000,
                   -13.916740, -1.028061, -3.422726, 1.000000;;
                  }

                  Frame R_foreArm {
                     FrameTransformMatrix {
                      0.875278, -0.000000, -0.483621, 0.000000,
                      0.000000, 1.000000, -0.000000, 0.000000,
                      0.483621, -0.000000, 0.875278, 0.000000,
                      -26.726898, 0.000000, 0.000004, 1.000000;;
                     }

                     Frame R_hand {
                        FrameTransformMatrix {
                         1.000000, 0.000000, -0.000000, 0.000000,
                         -0.000000, 0.993628, 0.112706, 0.000000,
                         0.000000, -0.112706, 0.993628, 0.000000,
                         -20.104298, 0.000000, 0.000000, 1.000000;;
                        }

                        Frame Bow_01 {
                           FrameTransformMatrix {
                            -0.986553, -0.074832, -0.145304, 0.000000,
                            -0.151974, 0.092870, 0.984012, 0.000000,
                            -0.060141, 0.992862, -0.102994, 0.000000,
                            -9.579926, 3.184891, -1.022758, 1.000000;;
                           }

                           Frame Bow_02 {
                              FrameTransformMatrix {
                               0.190524, -0.981683, 0.000000, 0.000000,
                               0.981683, 0.190524, -0.000000, 0.000000,
                               0.000000, 0.000000, 1.000000, 0.000000,
                               -0.270908, 9.240105, 0.000004, 1.000000;;
                              }

                              Frame Bow_03 {
                                 FrameTransformMatrix {
                                  -0.968205, 0.250158, -0.000000, 0.000000,
                                  -0.250158, -0.968205, 0.000000, 0.000000,
                                  -0.000000, 0.000000, 1.000000, 0.000000,
                                  -72.439621, -0.000005, -0.000008, 1.000000;;
                                 }

                              }
                           }
                           Frame Bow_04 {
                              FrameTransformMatrix {
                               -0.190524, -0.981683, 0.000000, 0.000000,
                               -0.981683, 0.190524, -0.000000, 0.000000,
                               0.000000, -0.000000, -1.000000, 0.000000,
                               -0.270901, -9.239998, -0.000008, 1.000000;;
                              }

                              Frame Bow_05 {
                                 FrameTransformMatrix {
                                  -0.968205, 0.250158, -0.000000, 0.000000,
                                  -0.250158, -0.968205, 0.000000, 0.000000,
                                  0.000000, 0.000000, 1.000000, 0.000000,
                                  72.439697, -0.000008, 0.000000, 1.000000;;
                                 }

                              }
                           }
                           Frame Bow_Pull {
                              FrameTransformMatrix {
                               1.000000, -0.000000, 0.000000, 0.000000,
                               0.000000, 1.000000, -0.000000, 0.000000,
                               -0.000000, 0.000000, 1.000000, 0.000000,
                               -19.019497, 0.229332, 0.000000, 1.000000;;
                              }

                           }
                           Frame BUFFBONE_GLB_WEAPON_1 {
                              FrameTransformMatrix {
                               -0.984275, -0.020699, 0.175429, 0.000000,
                               -0.029209, 0.998511, -0.046065, 0.000000,
                               -0.174214, -0.050465, -0.983414, 0.000000,
                               -0.509472, 16.043190, 0.363564, 1.000000;;
                              }

                           }
                        }
                        Frame Main_Arrow {
                           FrameTransformMatrix {
                            -0.181255, 0.090603, 0.979253, 0.000000,
                            0.981595, 0.077561, 0.174512, 0.000000,
                            -0.060141, 0.992862, -0.102994, 0.000000,
                            2.768730, 4.160637, 1.172638, 1.000000;;
                           }

                        }
                        Frame R_Hand_Finger_Index_jnt {
                           FrameTransformMatrix {
                            0.999506, -0.024636, -0.019528, 0.000000,
                            0.014813, 0.916971, -0.398678, 0.000000,
                            0.027729, 0.398191, 0.916883, 0.000000,
                            -11.159424, 0.939156, 2.394218, 1.000000;;
                           }

                           Frame R_Hand_Finger_Index_b_jnt {
                              FrameTransformMatrix {
                               0.998537, -0.054076, 0.000000, 0.000000,
                               0.054076, 0.998537, 0.000000, 0.000000,
                               -0.000000, -0.000000, 1.000000, 0.000000,
                               -3.834164, -0.000008, 0.000000, 1.000000;;
                              }

                           }
                        }
                        Frame R_Hand_Finger_Middle_jnt {
                           FrameTransformMatrix {
                            0.574417, -0.808238, 0.129600, 0.000000,
                            0.795856, 0.588471, 0.142527, 0.000000,
                            -0.191462, 0.021273, 0.981269, 0.000000,
                            -11.120316, 0.484066, 0.033104, 1.000000;;
                           }

                           Frame R_Hand_Finger_Middle_b_jnt {
                              FrameTransformMatrix {
                               0.098201, -0.995167, 0.000047, 0.000000,
                               0.995167, 0.098201, 0.000044, 0.000000,
                               -0.000049, 0.000042, 1.000000, 0.000000,
                               -3.413177, -0.000002, 0.000000, 1.000000;;
                              }

                           }
                        }
                        Frame R_Hand_Finger_Pinky_jnt {
                           FrameTransformMatrix {
                            0.886610, -0.405937, 0.221671, 0.000000,
                            0.344944, 0.899617, 0.267773, 0.000000,
                            -0.308118, -0.160946, 0.937635, 0.000000,
                            -9.754349, 1.077114, -4.608963, 1.000000;;
                           }

                           Frame R_Hand_Finger_Pinky_b_jnt {
                              FrameTransformMatrix {
                               1.000000, -0.000000, 0.000000, 0.000000,
                               -0.000000, 1.000000, 0.000000, 0.000000,
                               -0.000000, -0.000000, 1.000000, 0.000000,
                               -2.377388, -0.000001, 0.000000, 1.000000;;
                              }

                           }
                        }
                        Frame R_Hand_Finger_Ring_jnt {
                           FrameTransformMatrix {
                            0.928148, -0.335955, 0.160236, 0.000000,
                            0.302361, 0.931587, 0.201802, 0.000000,
                            -0.217071, -0.138853, 0.966230, 0.000000,
                            -10.707935, 0.611717, -2.490723, 1.000000;;
                           }

                           Frame R_Hand_Finger_Ring_b_jnt {
                              FrameTransformMatrix {
                               0.999087, -0.042717, -0.000000, 0.000000,
                               0.042717, 0.999087, 0.000000, 0.000000,
                               0.000000, -0.000000, 1.000000, 0.000000,
                               -3.385658, 0.000000, -0.000008, 1.000000;;
                              }

                           }
                        }
                        Frame R_Hand_Finger_Thumb_jnt {
                           FrameTransformMatrix {
                            0.731454, -0.643351, -0.225995, 0.000000,
                            -0.449281, -0.205385, -0.869461, 0.000000,
                            0.512953, 0.737507, -0.439275, 0.000000,
                            -6.104515, 3.122238, 3.436371, 1.000000;;
                           }

                           Frame R_Hand_Finger_Thumb_b_jnt {
                              FrameTransformMatrix {
                               0.682783, -0.730622, 0.000020, 0.000000,
                               0.730622, 0.682783, -0.000125, 0.000000,
                               0.000078, 0.000100, 1.000000, 0.000000,
                               -3.008701, 0.000000, 0.000008, 1.000000;;
                              }

                           }
                        }
                        Frame R_BUFFBONE_GLB_HAND_LOC {
                           FrameTransformMatrix {
                            -0.063722, -0.995659, 0.067835, 0.000000,
                            -0.997353, 0.065920, 0.030679, 0.000000,
                            -0.035018, -0.065701, -0.997225, 0.000000,
                            5.855526, -0.458588, -0.013802, 1.000000;;
                           }

                        }
                        Frame R_PARENTING_HAND_LOC {
                           FrameTransformMatrix {
                            0.030151, -0.090444, -0.995445, 0.000000,
                            -0.990152, 0.133506, -0.042121, 0.000000,
                            0.136707, 0.986912, -0.085528, 0.000000,
                            -9.908031, 2.577732, -1.449631, 1.000000;;
                           }

                        }
                     }
                  }
               }
               Frame R_ShoulderPad {
                  FrameTransformMatrix {
                   1.000000, -0.000000, 0.000000, 0.000000,
                   -0.000000, 0.998806, 0.048850, 0.000000,
                   -0.000000, -0.048850, 0.998806, 0.000000,
                   -12.775440, -5.374802, -4.803271, 1.000000;;
                  }

               }
            }
            Frame L_Cape_Jnt {
               FrameTransformMatrix {
                -0.291115, 0.956640, 0.009546, 0.000000,
                -0.516869, -0.165669, 0.839881, 0.000000,
                0.805046, 0.239568, 0.542686, 0.000000,
                10.562065, 11.386459, 13.616940, 1.000000;;
               }

               Frame L_Cape_b_Jnt {
                  FrameTransformMatrix {
                   0.999848, 0.000000, 0.017452, 0.000000,
                   -0.000000, 1.000000, -0.000000, 0.000000,
                   -0.017452, -0.000000, 0.999848, 0.000000,
                   -29.552788, -0.000002, -0.196833, 1.000000;;
                  }

                  Frame L_Cape_c_Jnt {
                     FrameTransformMatrix {
                      1.000000, 0.000000, 0.000000, 0.000000,
                      0.000000, 1.000000, -0.000000, 0.000000,
                      -0.000000, 0.000000, 1.000000, 0.000000,
                      -28.956413, -0.000002, 0.000004, 1.000000;;
                     }

                     Frame L_Cape_d_Jnt {
                        FrameTransformMatrix {
                         1.000000, 0.000000, 0.000000, 0.000000,
                         0.000000, 1.000000, -0.000000, 0.000000,
                         -0.000000, 0.000000, 1.000000, 0.000000,
                         -29.368801, 0.000000, 0.000000, 1.000000;;
                        }

                     }
                  }
               }
            }
            Frame L_Shoulder {
               FrameTransformMatrix {
                1.000000, 0.000000, 0.000000, 0.000000,
                0.000000, 0.998806, -0.048850, 0.000000,
                0.000000, 0.048850, 0.998806, 0.000000,
                -2.046940, 14.327972, 2.736417, 1.000000;;
               }

               Frame L_upArm {
                  FrameTransformMatrix {
                   0.317195, -0.665133, -0.676007, 0.000000,
                   0.039520, 0.721468, -0.691319, 0.000000,
                   0.947537, 0.192567, 0.255132, 0.000000,
                   13.916740, 1.028046, 3.422727, 1.000000;;
                  }

                  Frame L_foreArm {
                     FrameTransformMatrix {
                      0.093290, -0.000025, -0.995639, 0.000000,
                      0.000096, 1.000000, -0.000016, 0.000000,
                      0.995639, -0.000094, 0.093290, 0.000000,
                      26.726891, 0.000000, -0.000011, 1.000000;;
                     }

                     Frame L_hand {
                        FrameTransformMatrix {
                         0.990980, 0.011795, 0.133492, 0.000000,
                         -0.128034, -0.210851, 0.969097, 0.000000,
                         0.039578, -0.977447, -0.207439, 0.000000,
                         20.104675, -0.000275, 0.000076, 1.000000;;
                        }

                        Frame L_Hand_Finger_Index_jnt {
                           FrameTransformMatrix {
                            0.999506, -0.024636, -0.019528, 0.000000,
                            0.014813, 0.916971, -0.398678, 0.000000,
                            0.027729, 0.398192, 0.916883, 0.000000,
                            11.158718, -0.938499, -2.394371, 1.000000;;
                           }

                           Frame L_Hand_Finger_Index_b_jnt {
                              FrameTransformMatrix {
                               0.998537, -0.054076, -0.000000, 0.000000,
                               0.054076, 0.998537, 0.000000, 0.000000,
                               -0.000000, -0.000000, 1.000000, 0.000000,
                               3.834179, 0.000000, 0.000008, 1.000000;;
                              }

                           }
                        }
                        Frame L_Hand_Finger_Middle_jnt {
                           FrameTransformMatrix {
                            0.976449, -0.179625, 0.119506, 0.000000,
                            0.179283, 0.983702, 0.013692, 0.000000,
                            -0.120018, 0.008056, 0.992739, 0.000000,
                            11.119606, -0.483421, -0.033257, 1.000000;;
                           }

                           Frame L_Hand_Finger_Middle_b_jnt {
                              FrameTransformMatrix {
                               0.995180, -0.098065, 0.000000, 0.000000,
                               0.098065, 0.995180, 0.000000, 0.000000,
                               -0.000000, -0.000000, 1.000000, 0.000000,
                               3.413185, 0.000015, 0.000008, 1.000000;;
                              }

                           }
                        }
                        Frame L_Hand_Finger_Pinky_jnt {
                           FrameTransformMatrix {
                            0.886610, -0.405937, 0.221671, 0.000000,
                            0.344944, 0.899617, 0.267773, 0.000000,
                            -0.308118, -0.160946, 0.937635, 0.000000,
                            9.753620, -1.076523, 4.608818, 1.000000;;
                           }

                           Frame L_Hand_Finger_Pinky_b_jnt {
                              FrameTransformMatrix {
                               1.000000, 0.000000, 0.000000, 0.000000,
                               -0.000000, 1.000000, 0.000000, 0.000000,
                               -0.000000, -0.000000, 1.000000, 0.000000,
                               2.377426, -0.000015, -0.000011, 1.000000;;
                              }

                           }
                        }
                        Frame L_Hand_Finger_Ring_jnt {
                           FrameTransformMatrix {
                            0.928148, -0.335955, 0.160236, 0.000000,
                            0.302361, 0.931587, 0.201802, 0.000000,
                            -0.217071, -0.138853, 0.966230, 0.000000,
                            10.707222, -0.611107, 2.490578, 1.000000;;
                           }

                           Frame L_Hand_Finger_Ring_b_jnt {
                              FrameTransformMatrix {
                               0.999087, -0.042717, 0.000000, 0.000000,
                               0.042717, 0.999087, 0.000000, 0.000000,
                               -0.000000, -0.000000, 1.000000, 0.000000,
                               3.385656, 0.000008, 0.000000, 1.000000;;
                              }

                           }
                        }
                        Frame L_Hand_Finger_Thumb_jnt {
                           FrameTransformMatrix {
                            0.843394, -0.418511, -0.336951, 0.000000,
                            -0.449292, -0.205416, -0.869449, 0.000000,
                            0.294659, 0.884677, -0.361280, 0.000000,
                            6.104439, -3.122292, -3.436394, 1.000000;;
                           }

                           Frame L_Hand_Finger_Thumb_b_jnt {
                              FrameTransformMatrix {
                               0.972599, -0.232490, -0.000000, 0.000000,
                               0.232490, 0.972599, 0.000000, 0.000000,
                               -0.000000, -0.000000, 1.000000, 0.000000,
                               3.008705, 0.000000, 0.000011, 1.000000;;
                              }

                           }
                        }
                        Frame L_BUFFBONE_GLB_HAND_LOC {
                           FrameTransformMatrix {
                            1.000000, 0.000000, 0.000000, 0.000000,
                            -0.000000, 1.000000, -0.000000, 0.000000,
                            -0.000000, 0.000000, 1.000000, 0.000000,
                            0.000004, 0.000008, -0.000008, 1.000000;;
                           }

                        }
                        Frame L_PARENTING_HAND_LOC {
                           FrameTransformMatrix {
                            0.197201, 0.097992, -0.975453, 0.000000,
                            0.976370, -0.109344, 0.186402, 0.000000,
                            -0.088395, -0.989162, -0.117239, 0.000000,
                            9.778778, -2.718529, 2.123138, 1.000000;;
                           }

                        }
                     }
                  }
               }
               Frame L_ShoulderPad {
                  FrameTransformMatrix {
                   -1.000000, -0.000000, 0.000000, 0.000000,
                   0.000000, 0.998806, 0.048850, 0.000000,
                   -0.000000, 0.048850, -0.998806, 0.000000,
                   12.775452, 5.374725, 4.803269, 1.000000;;
                  }

               }
            }
            Frame M_Cape_Jnt {
               FrameTransformMatrix {
                -0.125685, 0.984808, -0.119821, 0.000000,
                -0.690021, 0.000000, 0.723789, 0.000000,
                0.712793, 0.173648, 0.679538, 0.000000,
                -0.000000, 9.340546, 16.115686, 1.000000;;
               }

               Frame M_Cape_b_Jnt {
                  FrameTransformMatrix {
                   1.000000, 0.000000, -0.000000, 0.000000,
                   -0.000000, 1.000000, -0.000000, 0.000000,
                   0.000000, 0.000000, 1.000000, 0.000000,
                   -28.908226, 0.000000, 0.000000, 1.000000;;
                  }

                  Frame M_Cape_c_Jnt {
                     FrameTransformMatrix {
                      1.000000, 0.000000, -0.000000, 0.000000,
                      -0.000000, 1.000000, -0.000000, 0.000000,
                      0.000000, 0.000000, 1.000000, 0.000000,
                      -27.143623, 0.000000, -0.000002, 1.000000;;
                     }

                     Frame M_Cape_d_Jnt {
                        FrameTransformMatrix {
                         1.000000, 0.000000, -0.000000, 0.000000,
                         -0.000000, 1.000000, -0.000000, 0.000000,
                         0.000000, 0.000000, 1.000000, 0.000000,
                         -41.131798, 0.000000, 0.000000, 1.000000;;
                        }

                     }
                  }
               }
            }
            Frame Neck {
               FrameTransformMatrix {
                1.000000, -0.000000, -0.000000, 0.000000,
                -0.000000, 0.895790, -0.444478, 0.000000,
                0.000000, 0.444478, 0.895790, 0.000000,
                -0.000000, 20.320465, 6.852023, 1.000000;;
               }

               Frame head {
                  FrameTransformMatrix {
                   0.690021, 0.321709, -0.648363, 0.000000,
                   -0.321709, 0.938760, 0.123421, 0.000000,
                   0.648363, 0.123421, 0.751261, 0.000000,
                   -0.000004, 9.552521, -0.000008, 1.000000;;
                  }

                  Frame C_BUFFBONE_GLB_HEAD_LOC {
                     FrameTransformMatrix {
                      1.000000, 0.000000, -0.000000, 0.000000,
                      -0.000000, 0.895790, 0.444478, 0.000000,
                      0.000000, -0.444478, 0.895790, 0.000000,
                      -0.000000, 4.625610, 2.295158, 1.000000;;
                     }

                  }
               }
            }
            Frame Quiverful2 {
               FrameTransformMatrix {
                0.834797, -0.550557, -0.000000, 0.000000,
                0.540541, 0.819609, -0.189884, 0.000000,
                0.104542, 0.158515, 0.981806, 0.000000,
                9.159300, 11.386978, 17.149033, 1.000000;;
               }

            }
            Frame R_Cape_Jnt {
               FrameTransformMatrix {
                -0.004364, 0.956640, -0.291239, 0.000000,
                -0.814247, 0.165669, 0.556377, 0.000000,
                0.580502, 0.239568, 0.778218, 0.000000,
                -10.562061, 11.386459, 13.616940, 1.000000;;
               }

               Frame R_Cape_b_Jnt {
                  FrameTransformMatrix {
                   0.999822, -0.000000, 0.018848, 0.000000,
                   0.000000, 1.000000, -0.000000, 0.000000,
                   -0.018848, 0.000000, 0.999822, 0.000000,
                   -29.552521, 0.000000, -0.212576, 1.000000;;
                  }

                  Frame R_Cape_c_Jnt {
                     FrameTransformMatrix {
                      1.000000, 0.000000, -0.000000, 0.000000,
                      -0.000000, 1.000000, -0.000000, 0.000000,
                      0.000000, 0.000000, 1.000000, 0.000000,
                      -28.956436, 0.000004, -0.000002, 1.000000;;
                     }

                     Frame R_Cape_d_Jnt {
                        FrameTransformMatrix {
                         1.000000, 0.000000, -0.000000, 0.000000,
                         -0.000000, 1.000000, -0.000000, 0.000000,
                         0.000000, 0.000000, 1.000000, 0.000000,
                         -29.368816, -0.000004, 0.000000, 1.000000;;
                        }

                     }
                  }
               }
            }
         }
         Frame C_BUFFBONE_GLB_CHEST_LOC {
            FrameTransformMatrix {
             0.690021, 0.000000, -0.723789, 0.000000,
             0.000000, 1.000000, 0.000000, 0.000000,
             0.723789, 0.000000, 0.690021, 0.000000,
             0.000000, 11.110725, 0.810533, 1.000000;;
            }

         }
      }
      Frame hip {
         FrameTransformMatrix {
          1.000000, 0.000000, 0.000000, 0.000000,
          0.000000, 1.000000, 0.000000, 0.000000,
          0.000000, 0.000000, 1.000000, 0.000000,
          0.000000, -7.702255, 1.588387, 1.000000;;
         }

         Frame B_Skirt {
            FrameTransformMatrix {
             0.000000, 0.962170, -0.272448, 0.000000,
             0.000000, 0.272448, 0.962170, 0.000000,
             1.000000, -0.000000, 0.000000, 0.000000,
             0.000058, 0.406647, 9.888110, 1.000000;;
            }

         }
         Frame F_Skirt {
            FrameTransformMatrix {
             0.000000, 0.999655, -0.026282, 0.000000,
             0.000000, -0.026282, -0.999655, 0.000000,
             -1.000000, 0.000000, 0.000000, 0.000000,
             0.000058, -3.459541, -8.082471, 1.000000;;
            }

         }
         Frame L_thigh {
            FrameTransformMatrix {
             0.938545, 0.098004, 0.330951, 0.000000,
             -0.316526, -0.137976, 0.938495, 0.000000,
             0.137639, -0.985575, -0.098476, 0.000000,
             9.722775, -5.780769, 0.212189, 1.000000;;
            }

            Frame L_knee {
               FrameTransformMatrix {
                1.000000, -0.000000, 0.000000, 0.000000,
                0.000000, 0.944913, -0.327321, 0.000000,
                0.000000, 0.327321, 0.944913, 0.000000,
                -0.000002, 0.000023, 40.993294, 1.000000;;
               }

               Frame L_foot {
                  FrameTransformMatrix {
                   0.988841, 0.147494, 0.020948, 0.000000,
                   -0.074204, 0.365715, 0.927764, 0.000000,
                   0.129179, -0.918966, 0.372579, 0.000000,
                   0.000001, -0.000003, 50.406082, 1.000000;;
                  }

                  Frame L_toe {
                     FrameTransformMatrix {
                      1.000000, 0.000000, 0.000000, 0.000000,
                      -0.000000, 0.906308, 0.422618, 0.000000,
                      -0.000000, -0.422618, 0.906308, 0.000000,
                      0.000001, 0.000000, 15.744300, 1.000000;;
                     }

                  }
               }
               Frame L_BUFFBONE_GLB_FOOT_LOC {
                  FrameTransformMatrix {
                   0.963205, -0.264487, 0.047778, 0.000000,
                   0.073221, 0.087189, -0.993497, 0.000000,
                   0.258601, 0.960440, 0.103347, 0.000000,
                   0.354713, 3.234370, 39.169815, 1.000000;;
                  }

               }
            }
         }
         Frame L_Skirt {
            FrameTransformMatrix {
             -0.427132, 0.904189, 0.000000, 0.000000,
             0.904189, 0.427132, 0.000000, 0.000000,
             0.000000, 0.000000, -1.000000, 0.000000,
             14.820015, 0.397720, -0.640857, 1.000000;;
            }

         }
         Frame R_thigh {
            FrameTransformMatrix {
             0.990693, -0.097321, -0.095159, 0.000000,
             -0.089124, 0.064597, -0.993924, 0.000000,
             0.102876, 0.993154, 0.055322, 0.000000,
             -9.722799, -5.780807, 0.212190, 1.000000;;
            }

            Frame R_knee {
               FrameTransformMatrix {
                1.000000, 0.000000, -0.000000, 0.000000,
                -0.000000, 0.964074, -0.265633, 0.000000,
                0.000000, 0.265633, 0.964074, 0.000000,
                -0.000002, 0.000023, -40.993305, 1.000000;;
               }

               Frame R_foot {
                  FrameTransformMatrix {
                   0.969918, 0.161379, 0.182252, 0.000000,
                   -0.224257, 0.301101, 0.926848, 0.000000,
                   0.094697, -0.939838, 0.328233, 0.000000,
                   -0.000039, -0.000070, -50.406048, 1.000000;;
                  }

                  Frame R_toe {
                     FrameTransformMatrix {
                      1.000000, 0.000000, -0.000000, 0.000000,
                      -0.000000, 0.906308, 0.422618, 0.000000,
                      0.000000, -0.422618, 0.906308, 0.000000,
                      0.000063, -0.000001, -15.744301, 1.000000;;
                     }

                  }
               }
               Frame R_BUFFBONE_GLB_FOOT_LOC {
                  FrameTransformMatrix {
                   0.997694, -0.011495, -0.066890, 0.000000,
                   0.065441, -0.098375, 0.992995, 0.000000,
                   -0.017995, -0.995083, -0.097396, 0.000000,
                   -0.986655, -3.061527, -35.178970, 1.000000;;
                  }

               }
            }
         }
         Frame R_Skirt {
            FrameTransformMatrix {
             -0.427132, -0.904189, 0.000000, 0.000000,
             0.904189, -0.427132, 0.000000, 0.000000,
             0.000000, -0.000000, 1.000000, 0.000000,
             -14.820001, 0.398026, -0.640858, 1.000000;;
            }

         }
      }
   }
   Frame BUFFBONE_GLB_GROUND_LOC {
      FrameTransformMatrix {
       -1.000000, 0.000000, 0.000000, 0.000000,
       0.000000, 1.000000, 0.000000, 0.000000,
       0.000000, 0.000000, -1.000000, 0.000000,
       -0.000000, 0.000000, 0.000000, 1.000000;;
      }

   }
   Frame BUFFBONE_GLB_CHANNEL_LOC {
      FrameTransformMatrix {
       -1.000000, 0.000000, 0.000000, 0.000000,
       0.000000, 0.000000, 1.000000, 0.000000,
       0.000000, 1.000000, -0.000000, 0.000000,
       0.000000, 0.000000, -0.000000, 1.000000;;
      }

   }
   Frame C_BUFFBONE_GLB_LAYOUT_LOC {
      FrameTransformMatrix {
       -1.000000, 0.000000, 0.000000, 0.000000,
       0.000000, 1.000000, 0.000000, 0.000000,
       0.000000, 0.000000, -1.000000, 0.000000,
       0.000000, 0.000000, 0.000000, 1.000000;;
      }

   }
   Frame C_BUFFBONE_GLB_CENTER_LOC {
      FrameTransformMatrix {
       -1.000000, 0.000000, 0.000000, 0.000000,
       0.000000, 1.000000, 0.000000, 0.000000,
       0.000000, 0.000000, -1.000000, 0.000000,
       -0.000000, 110.000000, 0.000000, 1.000000;;
      }

   }
   Frame C_BUFFBONE_GLB_OVERHEAD_LOC {
      FrameTransformMatrix {
       1.000000, 0.000000, -0.000000, 0.000000,
       0.000000, 1.000000, 0.000000, 0.000000,
       0.000000, 0.000000, 1.000000, 0.000000,
       0.000000, 241.425781, -1.740012, 1.000000;;
      }

   }

   Frame Ashe {
      FrameTransformMatrix {
       1.000000, 0.000000, 0.000000, 0.000000,
       0.000000, 1.000000, 0.000000, 0.000000,
       0.000000, 0.000000, 1.000000, 0.000000,
       0.000000, 0.000000, 0.000000, 1.000000;;
      }

      Mesh Ashe {
       4902;
       49.839001; 69.400002; 41.272854;,
       50.274761; 70.128983; 42.183670;,
       -10.826766; 118.207687; 31.233759;,
       -10.390997; 118.936684; 32.144577;,
       -71.056755; 167.744385; 22.105474;,
       -71.492508; 167.015396; 21.194656;,
       51.060783; 71.048576; 41.067924;,
       -9.731489; 119.584824; 31.310282;,
       -69.977058; 168.716370; 20.861408;,
       50.622353; 70.321808; 40.156540;,
       -10.167257; 118.855835; 30.399464;,
       -70.439316; 167.944824; 19.896412;,
       -10.826766; 118.207687; 31.233759;,
       -71.492508; 167.015396; 21.194656;,
       49.839001; 69.400002; 41.272854;,
       -49.762230; 80.185844; 82.686996;,
       -49.034672; 79.668785; 82.828445;,
       -48.829506; 80.782181; 81.432785;,
       -47.737106; 79.957077; 81.616898;,
       -18.886160; 111.453636; 42.420303;,
       -17.910151; 110.499184; 42.413696;,
       -15.893888; 113.515526; 41.499126;,
       -16.260305; 113.785217; 41.415722;,
       -13.319033; 116.600815; 39.569908;,
       -13.585199; 116.803978; 39.452473;,
       -48.325249; 79.102425; 82.930710;,
       -8.708012; 121.129166; 33.868206;,
       -9.099336; 121.390953; 33.757027;,
       -8.274687; 122.206200; 33.225494;,
       -7.915156; 121.956131; 33.334515;,
       -8.478231; 121.167618; 32.322258;,
       -8.901588; 121.431259; 32.179863;,
       -10.997379; 118.024719; 32.826855;,
       -11.665499; 118.612869; 32.780025;,
       -9.840819; 120.343689; 30.460346;,
       -9.303221; 119.802872; 30.444813;,
       -49.001213; 77.875374; 81.448380;,
       -48.252220; 79.025467; 80.490005;,
       -48.210133; 79.309402; 81.299866;,
       -47.737106; 79.957077; 81.616898;,
       -48.325249; 79.102425; 82.930710;,
       -17.910151; 110.499184; 42.413696;,
       -18.556732; 109.844994; 41.404934;,
       -15.336309; 110.683266; 39.694294;,
       -15.193273; 110.978783; 40.020126;,
       -12.089648; 112.201637; 37.043915;,
       -11.989334; 112.467880; 37.255928;,
       -7.632699; 116.598892; 31.121374;,
       -7.508850; 116.926376; 31.455194;,
       -6.616812; 117.288734; 30.618443;,
       -6.738376; 116.979149; 30.313351;,
       -7.820086; 117.865372; 30.224075;,
       -7.708706; 118.233459; 30.572119;,
       -11.368807; 117.550476; 32.169853;,
       -10.997379; 118.024719; 32.826855;,
       -9.303221; 119.802872; 30.444813;,
       -9.675854; 119.448647; 29.881405;,
       -49.001213; 77.875374; 81.448380;,
       -49.745945; 78.413704; 81.297081;,
       -48.252220; 79.025467; 80.490005;,
       -49.344627; 79.850563; 80.305893;,
       -18.556732; 109.844994; 41.404934;,
       -19.532742; 110.799438; 41.411541;,
       -18.202204; 111.235855; 37.941776;,
       -17.824635; 110.977661; 38.010574;,
       -16.393906; 112.672462; 34.129032;,
       -16.076292; 112.522400; 34.179058;,
       -50.438187; 78.958786; 81.204666;,
       -12.142474; 117.287148; 28.220835;,
       -11.738242; 117.038673; 28.315104;,
       -11.313292; 117.512589; 27.209652;,
       -11.694658; 117.740135; 27.129238;,
       -11.158291; 118.501099; 28.176483;,
       -10.716306; 118.256630; 28.294500;,
       -12.036925; 118.138626; 32.123020;,
       -11.368807; 117.550476; 32.169853;,
       -9.675854; 119.448647; 29.881405;,
       -10.213463; 119.989479; 29.896936;,
       -49.762230; 80.185844; 82.686996;,
       -48.829506; 80.782181; 81.432785;,
       -49.265694; 80.111320; 81.125626;,
       -49.344627; 79.850563; 80.305893;,
       -50.438187; 78.958786; 81.204666;,
       -19.532742; 110.799438; 41.411541;,
       -18.886160; 111.453636; 42.420303;,
       -18.759790; 114.068115; 39.746609;,
       -18.891668; 113.784096; 39.406170;,
       -17.623289; 117.071655; 36.655022;,
       -17.672148; 116.858482; 36.375603;,
