xof 0303txt 0032

// DirectX 9.0 file
// Creator: Ultimate Unwrap3D Pro (x64) v3.50.36
// Website: http://www.unwrap3d.com
// Time: Thu Jun 28 09:44:50 2018

// Start of Templates

template VertexDuplicationIndices {
 <b8d65549-d7c9-4995-89cf-53a9a8b031e3>
 DWORD nIndices;
 DWORD nOriginalVertices;
 array DWORD indices[nIndices];
}

template FVFData {
 <b6e70a0e-8ef9-4e83-94ad-ecc8b0c04897>
 DWORD dwFVF;
 DWORD nDWords;
 array DWORD data[nDWords];
}

template Header {
 <3D82AB43-62DA-11cf-AB39-0020AF71E433>
 WORD major;
 WORD minor;
 DWORD flags;
}

template Vector {
 <3D82AB5E-62DA-11cf-AB39-0020AF71E433>
 FLOAT x;
 FLOAT y;
 FLOAT z;
}

template Coords2d {
 <F6F23F44-7686-11cf-8F52-0040333594A3>
 FLOAT u;
 FLOAT v;
}

template Matrix4x4 {
 <F6F23F45-7686-11cf-8F52-0040333594A3>
 array FLOAT matrix[16];
}

template ColorRGBA {
 <35FF44E0-6C7C-11cf-8F52-0040333594A3>
 FLOAT red;
 FLOAT green;
 FLOAT blue;
 FLOAT alpha;
}

template ColorRGB {
 <D3E16E81-7835-11cf-8F52-0040333594A3>
 FLOAT red;
 FLOAT green;
 FLOAT blue;
}

template IndexedColor {
 <1630B820-7842-11cf-8F52-0040333594A3>
 DWORD index;
 ColorRGBA indexColor;
}

template Material {
 <3D82AB4D-62DA-11cf-AB39-0020AF71E433>
 ColorRGBA faceColor;
 FLOAT power;
 ColorRGB specularColor;
 ColorRGB emissiveColor;
 [...]
}

template TextureFilename {
 <A42790E1-7810-11cf-8F52-0040333594A3>
 STRING filename;
}

template MeshFace {
 <3D82AB5F-62DA-11cf-AB39-0020AF71E433>
 DWORD nFaceVertexIndices;
 array DWORD faceVertexIndices[nFaceVertexIndices];
}

template MeshTextureCoords {
 <F6F23F40-7686-11cf-8F52-0040333594A3>
 DWORD nTextureCoords;
 array Coords2d textureCoords[nTextureCoords];
}

template MeshMaterialList {
 <F6F23F42-7686-11cf-8F52-0040333594A3>
 DWORD nMaterials;
 DWORD nFaceIndexes;
 array DWORD faceIndexes[nFaceIndexes];
 [Material]
}

template MeshNormals {
 <F6F23F43-7686-11cf-8F52-0040333594A3>
 DWORD nNormals;
 array Vector normals[nNormals];
 DWORD nFaceNormals;
 array MeshFace faceNormals[nFaceNormals];
}

template MeshVertexColors {
 <1630B821-7842-11cf-8F52-0040333594A3>
 DWORD nVertexColors;
 array IndexedColor vertexColors[nVertexColors];
}

template Mesh {
 <3D82AB44-62DA-11cf-AB39-0020AF71E433>
 DWORD nVertices;
 array Vector vertices[nVertices];
 DWORD nFaces;
 array MeshFace faces[nFaces];
 [...]
}

template FrameTransformMatrix {
 <F6F23F41-7686-11cf-8F52-0040333594A3>
 Matrix4x4 frameMatrix;
}

template Frame {
 <3D82AB46-62DA-11cf-AB39-0020AF71E433>
 [...]
}

template FloatKeys {
 <10DD46A9-775B-11cf-8F52-0040333594A3>
 DWORD nValues;
 array FLOAT values[nValues];
}

template TimedFloatKeys {
 <F406B180-7B3B-11cf-8F52-0040333594A3>
 DWORD time;
 FloatKeys tfkeys;
}

template AnimationKey {
 <10DD46A8-775B-11cf-8F52-0040333594A3>
 DWORD keyType;
 DWORD nKeys;
 array TimedFloatKeys keys[nKeys];
}

template AnimationOptions {
 <E2BF56C0-840F-11cf-8F52-0040333594A3>
 DWORD openclosed;
 DWORD positionquality;
}

template Animation {
 <3D82AB4F-62DA-11cf-AB39-0020AF71E433>
 [...]
}

template AnimationSet {
 <3D82AB50-62DA-11cf-AB39-0020AF71E433>
 [Animation]
}

template XSkinMeshHeader {
 <3CF169CE-FF7C-44ab-93C0-F78F62D172E2>
 WORD nMaxSkinWeightsPerVertex;
 WORD nMaxSkinWeightsPerFace;
 WORD nBones;
}

template SkinWeights {
 <6F0D123B-BAD2-4167-A0D0-80224F25FABB>
 STRING transformNodeName;
 DWORD nWeights;
 array DWORD vertexIndices[nWeights];
 array FLOAT weights[nWeights];
 Matrix4x4 matrixOffset;
}

template AnimTicksPerSecond {
 <9E415A43-7BA6-4a73-8743-B73D47E88476>
 DWORD AnimTicksPerSecond;
}

AnimTicksPerSecond {
 31;
}

// Start of Frames

Frame SceneRoot {
  FrameTransformMatrix {
   1.000000, 0.000000, 0.000000, 0.000000,
   0.000000, 1.000000, 0.000000, 0.000000,
   0.000000, 0.000000, 1.000000, 0.000000,
   0.000000, 0.000000, 0.000000, 1.000000;;
  }

   Frame root {
      FrameTransformMatrix {
       -0.002250, -0.995244, -0.097387, 0.000000,
       0.000743, 0.097386, -0.995246, 0.000000,
       0.999997, -0.002312, 0.000520, 0.000000,
       -0.000000, 20.756260, -0.136673, 1.000000;;
      }

      Frame pelvis {
         FrameTransformMatrix {
          -0.973139, 0.230217, 0.000000, 0.000000,
          -0.230217, -0.973139, 0.000000, 0.000000,
          0.000000, 0.000000, 1.000000, 0.000000,
          6.707525, 0.216175, 0.000000, 1.000000;;
         }

         Frame L_thigh {
            FrameTransformMatrix {
             0.941056, 0.033185, 0.336619, 0.000000,
             -0.091714, 0.982929, 0.159497, 0.000000,
             -0.325579, -0.180968, 0.928035, 0.000000,
             -0.921501, 0.533641, -5.473234, 1.000000;;
            }

            Frame L_calf {
               FrameTransformMatrix {
                0.863084, 0.501034, -0.063650, 0.000000,
                0.501116, -0.865235, -0.015819, 0.000000,
                -0.062998, -0.018243, -0.997847, 0.000000,
                -7.293807, -0.410258, 0.025323, 1.000000;;
               }

               Frame L_foot {
                  FrameTransformMatrix {
                   -0.054044, 0.998539, 0.000566, 0.000000,
                   0.948174, 0.051140, 0.313609, 0.000000,
                   0.313122, 0.017485, -0.949552, 0.000000,
                   -6.495608, -0.715288, -0.240760, 1.000000;;
                  }

                  Frame L_toe {
                     FrameTransformMatrix {
                      -0.357566, -0.933888, 0.000000, 0.000000,
                      0.933888, -0.357566, -0.000000, 0.000000,
                      0.000000, -0.000000, 1.000000, 0.000000,
                      -4.209121, 1.587548, -1.655331, 1.000000;;
                     }

                  }
               }
               Frame L_BUFFBONE_GLB_FOOT_LOC {
                  FrameTransformMatrix {
                   0.027489, 0.185745, 0.982213, 0.000000,
                   0.960189, 0.268349, -0.077620, 0.000000,
                   -0.277994, 0.945245, -0.170974, 0.000000,
                   -1.038877, -0.481914, 0.886854, 1.000000;;
                  }

               }
            }
         }
         Frame R_thigh {
            FrameTransformMatrix {
             -0.951346, 0.022061, 0.307335, 0.000000,
             0.038080, -0.981370, 0.188318, 0.000000,
             0.305763, 0.190859, 0.932782, 0.000000,
             -0.921469, 0.533647, 5.473230, 1.000000;;
            }

            Frame R_calf {
               FrameTransformMatrix {
                0.792977, 0.601575, -0.096407, 0.000000,
                0.602371, -0.797858, -0.023917, 0.000000,
                -0.091307, -0.039108, -0.995055, 0.000000,
                7.293835, 0.410258, -0.025316, 1.000000;;
               }

               Frame R_foot {
                  FrameTransformMatrix {
                   -0.116920, 0.992922, -0.020893, 0.000000,
                   0.957024, 0.118265, 0.264797, 0.000000,
                   0.265394, 0.010965, -0.964078, 0.000000,
                   6.495612, 0.715290, 0.240757, 1.000000;;
                  }

                  Frame R_toe {
                     FrameTransformMatrix {
                      -0.357566, -0.933888, -0.000000, 0.000000,
                      0.933888, -0.357566, -0.000000, 0.000000,
                      0.000000, -0.000000, 1.000000, 0.000000,
                      4.209116, -1.587546, 1.655331, 1.000000;;
                     }

                  }
               }
               Frame R_BUFFBONE_GLB_FOOT_LOC {
                  FrameTransformMatrix {
                   -0.132521, 0.370979, 0.919137, 0.000000,
                   -0.941719, -0.336401, 0.000000, 0.000000,
                   0.309199, -0.865569, 0.393938, 0.000000,
                   1.509743, -0.488086, -1.453963, 1.000000;;
                  }

               }
            }
         }
         Frame L_front {
            FrameTransformMatrix {
             0.835981, 0.548760, -0.000000, 0.000000,
             0.548759, -0.835981, -0.000000, 0.000000,
             -0.000000, 0.000000, -1.000000, 0.000000,
             -2.094401, 10.744635, -6.317451, 1.000000;;
            }

         }
         Frame R_front {
            FrameTransformMatrix {
             -0.835981, -0.548760, 0.000000, 0.000000,
             -0.548759, 0.835980, 0.000000, 0.000000,
             -0.000000, 0.000000, -1.000000, 0.000000,
             -2.094372, 10.744660, 6.317451, 1.000000;;
            }

         }
      }
      Frame spine {
         FrameTransformMatrix {
          0.827987, 0.560747, 0.000000, 0.000000,
          -0.560747, 0.827987, 0.000000, 0.000000,
          0.000000, -0.000000, 1.000000, 0.000000,
          -6.422878, 0.163424, -0.000000, 1.000000;;
         }

         Frame bag {
            FrameTransformMatrix {
             0.830833, -0.556521, -0.000545, 0.000000,
             -0.556520, -0.830833, 0.001109, 0.000000,
             -0.001070, -0.000618, -0.999999, 0.000000,
             12.397312, 13.648827, 10.145834, 1.000000;;
            }

         }
         Frame bag_b {
            FrameTransformMatrix {
             0.831075, -0.556161, 0.000209, 0.000000,
             -0.556161, -0.831074, 0.000968, 0.000000,
             -0.000364, -0.000921, -1.000000, 0.000000,
             11.692488, 13.402946, -11.871015, 1.000000;;
            }

         }
         Frame neck {
            FrameTransformMatrix {
             0.999178, 0.040339, -0.003899, 0.000000,
             -0.040337, 0.999186, 0.000521, 0.000000,
             0.003916, -0.000363, 0.999992, 0.000000,
             -3.598181, 4.633310, 0.000000, 1.000000;;
            }

            Frame head {
               FrameTransformMatrix {
                -0.000133, -0.000048, 1.000000, 0.000000,
                -0.832476, 0.554062, -0.000084, 0.000000,
                -0.554062, -0.832476, -0.000114, 0.000000,
                -11.768650, 7.304747, 0.000000, 1.000000;;
               }

               Frame head_b {
                  FrameTransformMatrix {
                   0.999997, -0.002321, -0.000380, 0.000000,
                   0.002325, 0.999934, 0.011271, 0.000000,
                   0.000354, -0.011272, 0.999937, 0.000000,
                   0.000000, 12.899818, 1.082973, 1.000000;;
                  }

               }
               Frame C_BUFFBONE_GLB_HEAD_LOC {
                  FrameTransformMatrix {
                   -0.999984, -0.005661, -0.000762, 0.000000,
                   -0.005490, 0.989353, -0.145431, 0.000000,
                   0.001577, -0.145425, -0.989368, 0.000000,
                   0.000000, 3.985435, 0.000000, 1.000000;;
                  }

               }
            }
         }
         Frame C_BUFFBONE_GLB_CHEST_LOC {
            FrameTransformMatrix {
             0.001446, -0.001877, -0.999997, 0.000000,
             -0.769440, 0.638715, -0.002312, 0.000000,
             0.638717, 0.769442, -0.000521, 0.000000,
             1.967121, -1.266191, 0.000000, 1.000000;;
            }

         }
      }
      Frame L_shouder {
         FrameTransformMatrix {
          -0.000000, 0.000000, 1.000000, 0.000000,
          -0.999273, 0.038121, 0.000000, 0.000000,
          -0.038121, -0.999273, -0.000000, 0.000000,
          -8.465101, 3.771026, -4.059552, 1.000000;;
         }

         Frame L_arm {
            FrameTransformMatrix {
             -0.377966, -0.199923, -0.903976, 0.000000,
             0.809731, -0.544773, -0.218079, 0.000000,
             -0.448863, -0.814404, 0.367789, 0.000000,
             -4.558603, 1.197802, -1.409446, 1.000000;;
            }

            Frame L_forarm {
               FrameTransformMatrix {
                0.942286, 0.290743, -0.166029, 0.000000,
                0.310176, -0.944755, 0.105969, 0.000000,
                -0.126047, -0.151351, -0.980411, 0.000000,
                -3.756608, -1.655577, 6.459452, 1.000000;;
               }

               Frame L_hand {
                  FrameTransformMatrix {
                   0.729948, -0.608676, 0.310950, 0.000000,
                   0.509506, 0.787810, 0.346062, 0.000000,
                   -0.455609, -0.094177, 0.885184, 0.000000,
                   -5.134468, 1.092091, -5.654819, 1.000000;;
                  }

                  Frame L_BUFFBONE_GLB_HAND_LOC {
                     FrameTransformMatrix {
                      0.914360, -0.347121, 0.208455, 0.000000,
                      -0.374252, -0.921028, 0.107902, 0.000000,
                      0.154538, -0.176675, -0.972062, 0.000000,
                      -0.295166, 1.124241, 0.432878, 1.000000;;
                     }

                  }
                  Frame L_PARENTING_HAND_LOC {
                     FrameTransformMatrix {
                      -0.996722, 0.080899, 0.000000, 0.000000,
                      -0.080899, -0.996722, -0.000000, 0.000000,
                      0.000000, -0.000000, 1.000000, 0.000000,
                      1.128042, -3.948938, 0.000002, 1.000000;;
                     }

                  }
               }
            }
         }
      }
      Frame R_shouder {
         FrameTransformMatrix {
          0.000000, 0.000000, 1.000000, 0.000000,
          0.999273, -0.038121, 0.000000, 0.000000,
          0.038121, 0.999273, 0.000000, 0.000000,
          -8.465059, 3.771029, 4.059550, 1.000000;;
         }

         Frame R_arm {
            FrameTransformMatrix {
             -0.549809, 0.676625, -0.489785, 0.000000,
             -0.021633, -0.597702, -0.801426, 0.000000,
             -0.835011, -0.430035, 0.343259, 0.000000,
             4.558609, -1.197800, 1.409441, 1.000000;;
            }

            Frame R_forarm {
               FrameTransformMatrix {
                0.902577, 0.399977, 0.159293, 0.000000,
                0.416995, -0.904207, -0.092337, 0.000000,
                0.107101, 0.149765, -0.982904, 0.000000,
                3.756559, 1.655567, -6.459412, 1.000000;;
               }

               Frame R_hand {
                  FrameTransformMatrix {
                   -0.141815, -0.983516, 0.112183, 0.000000,
                   0.764146, -0.036727, 0.643997, 0.000000,
                   -0.629261, 0.177053, 0.756758, 0.000000,
                   5.134493, -1.092115, 5.654895, 1.000000;;
                  }

                  Frame R_BUFFBONE_GLB_HAND_LOC {
                     FrameTransformMatrix {
                      0.970389, -0.241549, -0.000000, 0.000000,
                      0.241549, 0.970389, -0.000000, 0.000000,
                      0.000000, -0.000000, 1.000000, 0.000000,
                      0.000000, -0.000000, 0.000001, 1.000000;;
                     }

                  }
                  Frame R_PARENTING_HAND_LOC {
                     FrameTransformMatrix {
                      1.000000, -0.000000, -0.000000, 0.000000,
                      -0.000000, 1.000000, -0.000000, 0.000000,
                      0.000000, 0.000000, 1.000000, 0.000000,
                      -1.155844, 3.500261, 0.448580, 1.000000;;
                     }

                  }
               }
            }
         }
      }
      Frame front {
         FrameTransformMatrix {
          -0.992766, 0.120069, -0.000000, 0.000000,
          -0.120069, -0.992766, 0.000000, 0.000000,
          -0.000000, 0.000000, 1.000000, 0.000000,
          -0.584097, -12.973247, 0.007311, 1.000000;;
         }

         Frame front_b {
            FrameTransformMatrix {
             0.000000, -0.000000, 1.000000, 0.000000,
             0.996859, 0.079190, -0.000000, 0.000000,
             -0.079190, 0.996859, 0.000000, 0.000000,
             -8.372080, 2.880819, 0.001385, 1.000000;;
            }

         }
      }
   }
   Frame weapon {
      FrameTransformMatrix {
       0.059020, 0.742108, -0.667677, 0.000000,
       0.312884, 0.621389, 0.718317, 0.000000,
       0.947956, -0.251301, -0.195519, 0.000000,
       15.222730, 15.756826, 8.735302, 1.000000;;
      }

      Frame BUFFBONE_GLB_WEAPON_1 {
         FrameTransformMatrix {
          -0.002685, 0.999318, -0.036832, 0.000000,
          -0.013587, 0.036792, 0.999231, 0.000000,
          0.999904, 0.003183, 0.013479, 0.000000,
          -0.118282, -0.449692, -14.086726, 1.000000;;
         }

      }
      Frame BUFFBONE_CSTM_WEAPON_1 {
         FrameTransformMatrix {
          1.000000, 0.000000, 0.000000, 0.000000,
          -0.000000, 0.032907, 0.999459, 0.000000,
          0.000000, -0.999458, 0.032907, 0.000000,
          -1.147758, 0.935297, 27.906700, 1.000000;;
         }

      }
   }
   Frame C_BUFFBONE_GLB_CENTER_LOC {
      FrameTransformMatrix {
       -1.000000, 0.000000, 0.000000, 0.000000,
       0.000000, 1.000000, 0.000000, 0.000000,
       0.000000, 0.000000, -1.000000, 0.000000,
       -0.000000, 35.334160, 0.000000, 1.000000;;
      }

   }
   Frame C_BUFFBONE_GLB_OVERHEAD_LOC {
      FrameTransformMatrix {
       0.999866, 0.000000, -0.016344, 0.000000,
       0.000000, 1.000000, 0.000000, 0.000000,
       0.016344, 0.000000, 0.999866, 0.000000,
       0.000000, 142.000000, 1.775652, 1.000000;;
      }

   }
   Frame BUFFBONE_GLB_GROUND_LOC {
      FrameTransformMatrix {
       -1.000000, 0.000000, 0.000000, 0.000000,
       0.000000, 1.000000, 0.000000, 0.000000,
       0.000000, 0.000000, -1.000000, 0.000000,
       -0.000000, 0.000000, 0.000000, 1.000000;;
      }

   }
   Frame BUFFBONE_GLB_CHANNEL_LOC {
      FrameTransformMatrix {
       -1.000000, 0.000000, 0.000000, 0.000000,
       0.000000, -0.000000, 1.000000, 0.000000,
       0.000000, 1.000000, -0.000000, 0.000000,
       0.000000, 100.000000, -50.000000, 1.000000;;
      }

   }
   Frame C_BUFFBONE_GLB_LAYOUT_LOC {
      FrameTransformMatrix {
       -1.000000, 0.000000, 0.000000, 0.000000,
       0.000000, 1.000000, 0.000000, 0.000000,
       0.000000, 0.000000, -1.000000, 0.000000,
       0.000000, 0.000000, 0.793998, 1.000000;;
      }

   }

   Frame Teemo {
      FrameTransformMatrix {
       1.000000, 0.000000, 0.000000, 0.000000,
       0.000000, 1.000000, 0.000000, 0.000000,
       0.000000, 0.000000, 1.000000, 0.000000,
       0.000000, 0.000000, 0.000000, 1.000000;;
      }

      Mesh Teemo {
       2371;
       7.079309; 6.568810; -4.651133;,
       4.689509; 6.387647; -2.039021;,
       7.543490; 6.744802; -3.983749;,
       4.060015; 6.108196; -2.558991;,
       3.600411; 6.351723; 0.217928;,
       2.657951; 6.322407; 0.160965;,
       4.463409; 6.331252; 4.872539;,
       5.140891; 6.603132; 4.331436;,
       6.798772; 6.726210; 6.151966;,
       7.198143; 7.006840; 5.488156;,
       5.201771; 4.956190; -2.274987;,
       3.963582; 5.115748; 0.656930;,
       6.030372; 5.249019; 4.299987;,
       8.278448; 5.113759; 5.235454;,
       9.987987; 7.808885; 6.188014;,
       9.846781; 7.941850; 5.467324;,
       11.549013; 8.946005; 4.394639;,
       7.664023; 5.336656; -4.024432;,
       6.122932; 4.366572; -2.216955;,
       5.231203; 4.241988; 0.495787;,
       7.352048; 3.785789; 3.016259;,
       9.063710; 3.846696; 3.760664;,
       10.932270; 5.936950; 5.136613;,
       8.096106; 4.611056; -3.661916;,
       7.795956; 2.383872; -2.112324;,
       7.586298; 2.147192; -0.243169;,
       9.475813; 2.644901; 1.701418;,
       10.969198; 4.619846; 3.607796;,
       12.273446; 5.548295; 2.673767;,
       12.549044; 7.169878; 3.942439;,
       9.029847; 2.784454; -3.019530;,
       8.711481; 2.155255; -2.358050;,
       8.406400; 1.984796; -0.766787;,
       10.027964; 2.054132; 1.002198;,
       10.867328; 2.632976; 1.317891;,
       11.994336; 3.321642; 0.268979;,
       12.819754; 6.369891; 1.236202;,
       9.918175; 1.881252; -3.068667;,
       11.027758; 2.233687; 1.193149;,
       11.961193; 2.181942; 0.176679;,
       12.368855; 2.229489; -1.429014;,
       12.130538; 3.790877; -1.493760;,
       13.082762; 7.217224; -1.196383;,
       13.469777; 8.608649; 2.000826;,
       12.206134; 9.194931; 4.799800;,
       11.470766; 2.040257; -2.656993;,
       10.753885; 3.401679; -2.831720;,
       10.405254; 5.948468; -3.492643;,
       10.599091; 6.907430; -3.784840;,
       13.447845; 9.533758; -1.274539;,
       13.478045; 10.688876; 2.228739;,
       12.666243; 10.195292; 2.262407;,
       9.918175; 1.881252; -3.068667;,
       9.029847; 2.784454; -3.019530;,
       8.096106; 4.611056; -3.661916;,
       7.664023; 5.336656; -4.024432;,
       7.079309; 6.568810; -4.651133;,
       10.218119; 8.500296; -4.477493;,
       13.718366; 11.953955; -1.549369;,
       13.016073; 11.140709; -1.603598;,
       7.543490; 6.744802; -3.983749;,
       10.151403; 8.036159; -3.692550;,
       8.860223; -0.203447; -2.292015;,
       9.796389; -0.198708; -2.831898;,
       10.903261; -0.197082; -2.425702;,
       9.067068; -0.205736; -0.222406;,
       11.670508; -0.243383; -1.508449;,
       12.373118; -0.249945; -0.256928;,
       10.073203; -0.206321; 1.613403;,
       13.553416; -0.202714; 2.136137;,
       11.047520; -0.202827; 3.319543;,
       12.202417; -0.202810; 4.432171;,
       13.644750; -0.202553; 3.511293;,
       13.146832; -0.202771; 4.629126;,
       9.707067; 0.665038; -3.083034;,
       8.711481; 2.155255; -2.358050;,
       9.918175; 1.881252; -3.068667;,
       8.646311; 0.750334; -2.053833;,
       8.406400; 1.984796; -0.766787;,
       8.725100; 1.054649; -0.401610;,
       10.027964; 2.054132; 1.002198;,
       10.106722; 1.147882; 1.758628;,
       11.027758; 2.233687; 1.193149;,
       8.860223; -0.203447; -2.292015;,
       9.067068; -0.205736; -0.222406;,
       10.073203; -0.206321; 1.613403;,
       11.047520; -0.202827; 3.319543;,
       11.361045; 0.467659; 3.716274;,
       11.568296; 1.693703; 1.829023;,
       11.961193; 2.181942; 0.176679;,
       9.796389; -0.198708; -2.831898;,
       12.202417; -0.202810; 4.432171;,
       12.243691; 0.217673; 4.522879;,
       12.334175; 0.735478; 3.453792;,
       13.424334; 0.379101; 2.601578;,
       12.642829; 1.213688; 0.771846;,
       11.820684; 0.857939; -1.426324;,
       12.368855; 2.229489; -1.429014;,
       11.470766; 2.040257; -2.656993;,
       13.010084; 0.210614; 4.661132;,
       13.438380; 0.153410; 3.699299;,
       13.644750; -0.202553; 3.511293;,
       13.553416; -0.202714; 2.136137;,
       12.373118; -0.249945; -0.256928;,
       13.146832; -0.202771; 4.629126;,
       11.670508; -0.243383; -1.508449;,
       11.413912; 0.701541; -2.671129;,
       9.918175; 1.881252; -3.068667;,
       9.707067; 0.665038; -3.083034;,
       10.903261; -0.197082; -2.425702;,
       9.796389; -0.198708; -2.831898;,
       7.824998; 3.784090; 0.244467;,
       8.517340; 4.005393; 1.454206;,
       6.729402; 4.861622; 0.594407;,
       7.577178; 5.272741; 2.315890;,
       7.175835; 5.866741; 2.716759;,
       5.798821; 5.790221; 0.637854;,
       6.642275; 6.545182; 3.137232;,
       2.820764; 9.067746; 3.777466;,
       2.383485; 8.516088; -0.071146;,
       9.267031; 4.236070; 1.913194;,
       8.792138; 5.673843; 3.215492;,
       8.494322; 6.321881; 3.747667;,
       7.903117; 7.161181; 4.396504;,
       4.994540; 9.472556; 5.273368;,
       4.621942; 9.787270; 5.575476;,
       2.078200; 9.739488; 4.216170;,
       0.559408; 9.366720; -0.447007;,
       9.460329; 4.299439; 2.029472;,
       10.502680; 4.752591; 2.284347;,
       10.107267; 6.325420; 3.965446;,
       9.986842; 6.955830; 4.423591;,
       9.846029; 7.788201; 4.976287;,
       7.452156; 9.923356; 5.910053;,
       7.317615; 10.226651; 6.276130;,
       3.868315; 10.817602; 7.193172;,
       11.683808; 7.070414; 2.623360;,
       11.710307; 7.833110; 3.168283;,
       11.675313; 8.676364; 3.645482;,
       10.924166; 11.544770; 4.420364;,
       10.977144; 11.845681; 5.128779;,
       11.659096; 5.632207; 1.772873;,
       11.972739; 6.105984; 0.154674;,
       12.002492; 7.774123; 0.165511;,
       12.143382; 8.885105; 0.145308;,
       12.006942; 12.323728; -0.657246;,
       12.190840; 13.309911; -0.762672;,
       11.294574; 13.678166; 6.183166;,
       11.367268; 7.286463; -1.608384;,
       11.511958; 8.146127; -1.813749;,
       11.257650; 11.443936; -3.594648;,
       11.296486; 12.257803; -4.139710;,
       11.286469; 13.624913; -4.754969;,
       13.067047; 16.261600; -1.152869;,
       11.434156; 5.779223; -1.310841;,
       9.586652; 6.221784; -2.296482;,
       9.496950; 6.775468; -2.599745;,
       7.407559; 9.833021; -5.117015;,
       7.193853; 10.299644; -5.771271;,
       7.114535; 11.185831; -6.904323;,
       11.160608; 14.928282; -5.306296;,
       10.051934; 4.800617; -1.992705;,
       7.625249; 5.186902; -0.742116;,
       6.858837; 6.052157; -1.084317;,
       4.417949; 8.653972; -2.947912;,
       3.168438; 9.475802; -5.227365;,
       2.657990; 9.723258; -8.006742;,
       6.920622; 13.046385; -8.656062;,
       8.496950; 4.087339; -0.807632;,
       7.824998; 3.784090; 0.244467;,
       6.729402; 4.861622; 0.594407;,
       5.798821; 5.790221; 0.637854;,
       2.383485; 8.516088; -0.071146;,
       0.559408; 9.366720; -0.447007;,
       1.540991; 8.774469; -5.495023;,
       1.359115; 10.054998; -7.880399;,
       2.458482; 11.795818; -9.780294;,
       2.532970; 14.777432; -10.173021;,
       6.987576; 15.714747; -10.155551;,
       -0.056612; 9.343905; -0.446588;,
       0.022559; 10.790767; -5.830890;,
       -0.015676; 12.124101; -8.363699;,
       -0.010203; 14.119176; -10.016753;,
       -0.007406; 15.322131; -10.046563;,
       -2.500016; 14.825315; -10.175688;,
       -1.599195; 8.826283; -5.539982;,
       -1.360593; 10.108324; -7.902696;,
       -2.394154; 11.897396; -9.799742;,
       -6.844683; 13.180530; -8.881514;,
       -6.944991; 15.829096; -10.157408;,
       -11.066862; 15.182390; -5.343496;,
       -11.795037; 17.727644; -4.819903;,
       -0.671664; 9.359163; -0.462818;,
       -2.533456; 8.467517; -0.274595;,
       -3.237098; 9.468274; -5.475397;,
       -2.722517; 9.839544; -8.058898;,
       -7.101284; 11.304242; -7.183863;,
       -11.222654; 13.851262; -4.924021;,
       -13.003842; 16.453770; -1.168935;,
       -13.919886; 18.151094; -0.550884;,
       -4.531196; 8.678861; -3.246436;,
       -7.451253; 9.951975; -5.459490;,
       -7.215718; 10.415786; -6.086021;,
       -6.091115; 5.796962; 0.239245;,
       -7.130704; 6.079357; -1.508814;,
       -9.735676; 6.879200; -3.053490;,
       -11.256666; 11.676327; -3.892975;,
       -11.267886; 12.485594; -4.380448;,
       -12.185241; 13.494532; -0.912334;,
       -11.343281; 13.716191; 6.170662;,
       -11.737440; 16.296707; 7.208257;,
       -7.067184; 4.896037; 0.213744;,
       -7.959087; 5.205218; -1.112346;,
       -9.864111; 6.302783; -2.730100;,
       -11.589461; 7.477927; -2.068960;,
       -11.683478; 8.355057; -2.285025;,
       -12.024539; 12.521645; -0.867659;,
       -8.217407; 3.860074; -0.023337;,
       -8.891376; 4.133183; -1.063321;,
       -10.432489; 4.843696; -2.279162;,
       -11.745970; 5.937201; -1.690239;,
       -12.264445; 6.330579; -0.250407;,
       -12.216018; 8.012156; -0.288709;,
       -12.299791; 9.134752; -0.306983;,
       -11.044200; 11.563577; 4.314066;,
       -11.064207; 11.869795; 5.074997;,
       -11.960993; 7.302008; 2.220345;,
       -11.963433; 8.070930; 2.765812;,
       -11.865376; 8.918380; 3.249247;,
       -10.098903; 7.982760; 4.577204;,
       -7.551863; 9.916129; 5.872083;,
       -7.395579; 10.236387; 6.255451;,
       -11.990050; 5.856827; 1.404613;,
       -10.875567; 4.947920; 1.964627;,
       -10.416315; 6.517333; 3.576860;,
       -10.265703; 7.157049; 4.024575;,
       -8.165934; 7.275762; 4.028977;,
       -5.118593; 9.426828; 5.227906;,
       -9.125732; 5.806588; 2.839687;,
       -8.805195; 6.452435; 3.372303;,
       -6.923833; 6.604865; 2.758774;,
       -2.992992; 9.006392; 3.721881;,
       -4.716048; 9.765944; 5.552309;,
       -9.836225; 4.476676; 1.720180;,
       -9.641844; 4.408978; 1.605480;,
       -7.911164; 5.358445; 1.933461;,
       -7.488322; 5.941629; 2.331902;,
       -6.091115; 5.796962; 0.239245;,
       -2.533456; 8.467517; -0.274595;,
       -2.183363; 9.688675; 4.194023;,
       -3.927200; 10.827870; 7.188394;,
       -8.894395; 4.149867; 1.156656;,
       -7.067184; 4.896037; 0.213744;,
       -8.217407; 3.860074; -0.023337;,
       -0.671664; 9.359163; -0.462818;,
       -1.473757; 10.250669; 4.794322;,
       -2.005754; 10.681784; 7.213570;,
       -2.560133; 11.492712; 9.582147;,
       -6.948872; 11.863676; 8.738010;,
       -0.054143; 10.259052; 4.750520;,
       -0.027122; 10.750159; 7.529411;,
       -0.026141; 11.617054; 9.495962;,
       -0.023910; 12.828183; 10.587942;,
       -3.032429; 13.228543; 11.043044;,
       -6.744121; 13.834436; 10.596718;,
       -0.056612; 9.343905; -0.446588;,
       1.392881; 10.281648; 4.801834;,
       1.937736; 10.693628; 7.216504;,
       2.507158; 11.480997; 9.584784;,
       2.985954; 13.214630; 11.046176;,
       6.898161; 11.832102; 8.745218;,
       6.700870; 13.803352; 10.603714;,
       11.708869; 16.246037; 7.216730;,
       13.924090; 18.069492; -0.545538;,
       11.819613; 17.629789; -4.819235;,
       -4.926589; 6.343553; -2.442955;,
       -7.298396; 6.576568; -5.116325;,
       -7.782864; 6.768964; -4.421655;,
       -4.308311; 6.022632; -2.959641;,
       -5.508039; 4.905804; -2.692849;,
       -7.940239; 5.362711; -4.479064;,
       -6.534031; 4.205972; -2.526274;,
       -8.459179; 4.555605; -4.050534;,
       -8.306603; 2.319126; -2.249510;,
       -9.531528; 2.712571; -3.164441;,
       -3.854265; 6.291827; -0.142609;,
       -2.907051; 6.231170; -0.196405;,
       -4.285266; 5.049951; 0.273216;,
       -5.598987; 4.216581; 0.169881;,
       -8.068162; 2.192521; -0.382244;,
       -8.997193; 1.984508; -0.764822;,
       -9.301376; 2.153216; -2.353786;,
       -10.505771; 1.879668; -3.062733;,
       -4.719956; 6.385329; 4.558522;,
       -6.377866; 5.294187; 3.938027;,
       -7.688537; 4.030900; 2.754034;,
       -9.890993; 2.905832; 1.550799;,
       -10.573352; 2.138596; 0.972616;,
       -11.285816; 2.934829; 1.192097;,
       -11.490383; 2.488222; 1.112567;,
       -5.414281; 6.623163; 4.007241;,
       -7.031616; 6.885682; 5.846446;,
       -8.540722; 5.477974; 4.898902;,
       -9.380987; 4.222259; 3.520152;,
       -11.252943; 5.070008; 3.346782;,
       -12.543314; 5.969754; 2.372784;,
       -12.400984; 3.597007; 0.122446;,
       -12.520063; 2.228844; 0.159563;,
       -7.455113; 7.108067; 5.168097;,
       -10.178743; 8.057019; 5.866545;,
       -11.129175; 6.473563; 4.783820;,
       -12.711430; 7.696661; 3.537053;,
       -13.063932; 6.747940; 0.892361;,
       -12.545080; 3.960959; -1.664277;,
       -12.937779; 2.246648; -1.438519;,
       -10.066829; 8.128607; 5.125945;,
       -11.729988; 9.178221; 4.022629;,
       -12.354063; 9.500311; 4.418702;,
       -13.600494; 9.050653; 1.521998;,
       -13.332997; 7.445755; -1.596229;,
       -10.762390; 5.901435; -3.835147;,
       -11.216911; 3.419903; -2.992255;,
       -12.051692; 2.040984; -2.655870;,
       -12.783900; 10.440912; 1.886260;,
       -13.547132; 11.018067; 1.798412;,
       -13.559738; 9.812696; -1.744161;,
       -10.825203; 7.038656; -4.254995;,
       -7.940239; 5.362711; -4.479064;,
       -8.459179; 4.555605; -4.050534;,
       -13.049980; 11.403669; -1.963840;,
       -13.724197; 12.223014; -2.018083;,
       -10.354208; 8.622602; -4.950637;,
       -7.298396; 6.576568; -5.116325;,
       -10.308180; 8.179621; -4.162144;,
       -7.782864; 6.768964; -4.421655;,
       -9.531528; 2.712571; -3.164441;,
       -10.505771; 1.879668; -3.062733;,
       -10.385688; -0.195645; -2.824228;,
       -9.451587; -0.200315; -2.285213;,
       -11.489974; -0.193266; -2.419035;,
       -9.657515; -0.200673; -0.219804;,
       -12.255499; -0.239574; -1.503907;,
       -12.955615; -0.236814; -0.252975;,
       -10.661060; -0.197935; 1.612740;,
       -14.134564; -0.199287; 2.133128;,
       -11.633790; -0.199402; 3.314119;,
       -12.786336; -0.199440; 4.424463;,
       -14.225683; -0.198949; 3.505499;,
       -13.728807; -0.199324; 4.621026;,
       -10.505771; 1.879668; -3.062733;,
       -9.301376; 2.153216; -2.353786;,
       -10.296079; 0.666540; -3.075431;,
       -9.237495; 0.751756; -2.048290;,
       -9.451587; -0.200315; -2.285213;,
       -10.385688; -0.195645; -2.824228;,
       -8.997193; 1.984508; -0.764822;,
       -9.315811; 1.056293; -0.399572;,
       -9.657515; -0.200673; -0.219804;,
       -10.692743; 1.156088; 1.756134;,
       -10.661060; -0.197935; 1.612740;,
       -11.633790; -0.199402; 3.314119;,
       -11.946683; 0.469659; 3.710028;,
       -12.786336; -0.199440; 4.424463;,
       -10.573352; 2.138596; 0.972616;,
       -11.490383; 2.488222; 1.112567;,
       -12.152221; 1.696720; 1.826124;,
       -12.917821; 0.736947; 3.448083;,
       -12.827525; 0.220183; 4.514985;,
       -13.592351; 0.213138; 4.652957;,
       -13.728807; -0.199324; 4.621026;,
       -14.019773; 0.156052; 3.693088;,
       -14.225683; -0.198949; 3.505499;,
       -12.520063; 2.228844; 0.159563;,
       -13.224213; 1.218957; 0.771092;,
       -14.005753; 0.381293; 2.597610;,
       -12.405329; 0.859279; -1.422091;,
       -12.955615; -0.236814; -0.252975;,
       -14.134564; -0.199287; 2.133128;,
       -12.937779; 2.246648; -1.438519;,
       -12.051692; 2.040984; -2.655870;,
       -11.999364; 0.703163; -2.664394;,
       -12.255499; -0.239574; -1.503907;,
       -10.505771; 1.879668; -3.062733;,
       -10.296079; 0.666540; -3.075431;,
       -11.489974; -0.193266; -2.419035;,
       -10.385688; -0.195645; -2.824228;,
       9.154142; 26.373318; 0.879931;,
       11.157875; 22.105324; 2.766527;,
       9.243711; 23.977257; 4.791177;,
       10.423513; 25.084366; -0.953301;,
       14.425964; 23.188480; 1.510140;,
       12.566515; 26.142879; -1.585611;,
       16.341013; 26.148121; 1.939182;,
       14.624494; 28.295755; -0.691631;,
       16.223999; 27.723709; 2.911065;,
       9.224504; 27.872532; -3.490115;,
       10.818969; 28.873175; -4.190683;,
       11.691336; 30.145405; -3.851328;,
       14.236066; 28.762793; -0.841211;,
       15.187513; 30.728119; 0.134763;,
       15.440401; 30.336102; 1.045065;,
       13.013603; 29.265015; 4.116985;,
       7.911314; 29.052893; -1.268458;,
       8.104323; 28.876163; -2.045576;,
       8.092868; 28.619013; -3.217737;,
       8.749945; 28.486942; -4.487134;,
       9.872431; 29.366175; -5.504341;,
       10.420337; 31.023350; -5.293226;,
       7.902019; 28.597803; -1.958957;,
       7.897954; 27.851120; -3.944758;,
       7.696314; 30.025152; -6.825089;,
       8.121027; 32.318863; -6.012662;,
       10.517576; 33.505798; -3.237975;,
       12.077546; 32.646580; -2.600258;,
       14.632050; 30.806696; -0.126442;,
       8.048807; 34.446270; -3.837595;,
       9.280294; 32.947750; -1.159072;,
       10.249170; 32.681091; -0.268862;,
       13.088785; 30.864574; 1.371552;,
       13.190351; 30.718191; 1.985072;,
       7.597013; 33.188110; -1.234151;,
       8.445475; 31.690786; 0.143586;,
       7.989363; 32.347694; 0.829170;,
       9.427229; 29.995325; 3.467302;,
       9.372087; 27.428366; 5.491410;,
       9.003789; 28.360577; 7.355476;,
       8.997118; 28.075001; 2.229823;,
       8.194639; 25.927317; 6.410885;,
       7.510622; 31.682262; 0.056366;,
       8.147917; 29.761496; -0.669767;,
       7.177052; 30.894436; 0.353772;,
       7.911314; 29.052893; -1.268458;,
       9.154142; 26.373318; 0.879931;,
       9.243711; 23.977257; 4.791177;,
       7.740509; 29.438686; -0.762827;,
       8.104323; 28.876163; -2.045576;,
       7.902019; 28.597803; -1.958957;,
       -0.007268; 14.950679; -11.962381;,
       4.636854; 14.498909; -9.423299;,
       -0.056601; 14.963740; -10.155973;,
       5.326736; 14.929670; -11.256982;,
       9.087768; 15.230194; -7.902663;,
       10.413791; 15.400235; -8.783521;,
       11.982684; 15.549800; -3.525403;,
       14.935117; 15.822397; -3.643189;,
       12.435572; 15.649908; 3.476284;,
       -0.000728; 17.775206; -11.981651;,
       5.381721; 18.116468; -11.506266;,
       10.749750; 18.346113; -8.577324;,
       15.046509; 18.235329; -3.357887;,
       14.726761; 17.498396; 4.559477;,
       14.698186; 15.063864; 4.393807;,
       -5.320588; 14.980212; -11.265147;,
       -5.382033; 18.141354; -11.511866;,
       -3.862087; 17.437679; -10.223419;,
       0.046521; 17.599497; -10.506725;,
       -2.700818; 20.517845; -10.560452;,
       0.004496; 20.231003; -11.110693;,
       -4.607271; 14.580627; -9.430634;,
       -9.057137; 15.348570; -7.913498;,
       -10.427790; 15.451147; -8.794529;,
       -10.751989; 18.395823; -8.588513;,
       -8.511787; 17.780588; -8.069245;,
       -7.579179; 20.855833; -8.974374;,
       0.040244; 14.963516; -10.155924;,
       -11.967791; 15.660563; -3.537935;,
       -14.948935; 15.899870; -3.659051;,
       -15.071231; 18.186779; -3.356332;,
       -11.473514; 18.076870; -5.758421;,
       -12.099937; 20.714483; -6.646476;,
       -12.453626; 15.713951; 3.472429;,
       -14.729032; 15.131925; 4.378506;,
       -14.746860; 17.429089; 4.536407;,
       -14.296681; 18.373764; -1.811482;,
       -14.473346; 20.380190; -1.900411;,
       -12.523275; 24.396132; -2.612966;,
       -11.015896; 24.010000; -7.056880;,
       -10.530548; 13.937472; 8.676130;,
       -10.588671; 16.247633; 9.338758;,
       -13.188246; 17.887232; 4.323316;,
       -13.117437; 20.111105; 4.266818;,
       -11.583434; 23.763102; 1.711376;,
       -9.464453; 14.246310; 7.249533;,
       -5.448321; 12.819409; 9.295377;,
       -5.762167; 12.337994; 10.647521;,
       -5.755689; 15.423391; 11.906214;,
       -9.342019; 16.760769; 8.959023;,
       -9.399156; 17.759413; 9.213167;,
       -9.044413; 20.076767; 8.705250;,
       -8.089107; 23.420998; 6.395263;,
       -0.025806; 12.091658; 10.961202;,
       -0.019896; 15.042784; 12.714531;,
       -5.018420; 15.824568; 11.003888;,
       -4.595936; 17.242722; 11.522264;,
       -4.286525; 19.807812; 10.918983;,
       -3.578572; 22.829071; 8.668090;,
       0.023802; 12.361812; 9.883909;,
       -0.073044; 12.362036; 9.883860;,
       5.401746; 12.794325; 9.301023;,
       5.711955; 12.311467; 10.653492;,
       5.718433; 15.396864; 11.912184;,
       4.983967; 15.801443; 11.009092;,
       -0.022562; 15.442671; 12.083640;,
       10.489477; 13.889387; 8.686941;,
       10.558103; 16.336325; 9.357384;,
       9.313967; 16.717670; 8.968706;,
       9.375456; 17.716068; 9.222879;,
       4.567505; 17.221537; 11.527032;,
       -0.015259; 17.075691; 12.834691;,
       9.425061; 14.206034; 7.258188;,
       13.170191; 17.826294; 4.337031;,
       9.031968; 20.034977; 8.714656;,
       4.270588; 19.789547; 10.924520;,
       -0.009025; 19.576441; 11.965395;,
       -0.001829; 22.285326; 10.170672;,
       14.287247; 18.307682; -1.796608;,
       13.109726; 20.051033; 4.281495;,
       8.094543; 23.385685; 6.404926;,
       3.578957; 22.815006; 8.673048;,
       11.467411; 18.023125; -5.746693;,
       14.449405; 20.295858; -1.909252;,
       11.595304; 23.727840; 1.764889;,
       6.085272; 27.554638; 3.438904;,
       2.698614; 27.084875; 5.820146;,
       0.009748; 26.651724; 7.323585;,
       8.506188; 17.741245; -8.060390;,
       12.106380; 20.657501; -6.632955;,
       12.542450; 24.338240; -2.600242;,
       7.902019; 28.597803; -1.958957;,
       7.740509; 29.438686; -0.762827;,
       3.857196; 17.419832; -10.219402;,
       7.588754; 20.821428; -8.966919;,
       11.038248; 24.049030; -7.086192;,
       7.897954; 27.851120; -3.944758;,
       -0.050324; 17.599720; -10.506776;,
       1.391232; 20.507610; -10.557861;,
       2.821554; 23.650509; -10.162104;,
       7.416298; 23.803165; -8.995604;,
       6.005434; 28.167706; -7.509139;,
       7.696314; 30.025152; -6.825089;,
       5.939567; 30.471928; -7.442290;,
       8.121027; 32.318863; -6.012662;,
       0.012560; 23.749361; -10.976653;,
       0.024044; 29.057734; -9.460855;,
       2.666621; 29.024567; -8.819933;,
       -2.797701; 23.665478; -10.165730;,
